-1.080397516489029e-01 -8.276514708995819e-02 3.196953833103180e-01 1.411386728286743e-01 -2.875674068927765e-01 5.966659188270569e-01
-1.215206012129784e-01 -5.619463324546814e-01 -2.752240300178528e-01 9.312634170055389e-02 -7.485167384147644e-01 -8.985334038734436e-01
-3.186667561531067e-01 -3.839392066001892e-01 1.399020105600357e-01 5.680884122848511e-01 2.523826062679291e-02 5.048687458038330e-01
1.800985485315323e-01 -4.341974854469299e-01 3.952372074127197e-01 -9.926077723503113e-02 -4.547657445073128e-02 -1.187516190111637e-02
2.344965785741806e-01 -2.484502792358398e-01 5.971783399581909e-01 -4.210595786571503e-01 6.316095590591431e-01 -6.419348716735840e-01
-7.459260057657957e-03 4.413609206676483e-01 2.566425502300262e-01 -1.922791004180908e-01 -3.535662889480591e-01 -1.112227439880371e+00
-2.513293623924255e-01 -1.214378923177719e-01 -6.813291907310486e-01 -2.078292965888977e-01 6.980219483375549e-02 7.593197375535965e-02
-6.600241176784039e-03 -6.834609508514404e-01 9.509357810020447e-02 -1.003031209111214e-01 4.669601619243622e-01 -7.455295324325562e-01
3.975754380226135e-01 3.099618852138519e-01 4.939627349376678e-01 4.349151551723480e-01 4.147009551525116e-01 2.848764955997467e-01
1.661024391651154e-01 3.276441693305969e-01 2.739766798913479e-02 -1.992377638816833e-01 -3.366869688034058e-01 4.155242443084717e-01
1.599667370319366e-01 -5.319876074790955e-01 1.578112542629242e-01 5.267467498779297e-01 2.854738831520081e-01 -2.364079058170319e-01
1.258959025144577e-01 -6.699399948120117e-01 4.115078747272491e-01 -1.148819774389267e-01 1.678905449807644e-02 9.509678930044174e-02
-1.642829775810242e-01 -2.896680235862732e-01 1.088973879814148e-02 -1.016424775123596e+00 1.217421770095825e+00 -4.496085047721863e-01
3.056487739086151e-01 -7.307968735694885e-01 5.273385643959045e-01 1.945566684007645e-01 5.280433893203735e-01 -3.013869561254978e-02
-1.505499333143234e-01 4.521020650863647e-01 -4.843857586383820e-01 -5.256146788597107e-01 -8.509144186973572e-01 1.283471137285233e-01
3.623451292514801e-01 7.038103342056274e-01 -2.323934882879257e-01 6.008013151586056e-03 -1.275218605995178e+00 -4.368446469306946e-01
-2.114355713129044e-01 6.400091052055359e-01 -4.108715951442719e-01 -4.292371273040771e-01 4.436019062995911e-01 9.799255058169365e-03
-1.306866705417633e-01 2.054210901260376e-01 2.422261536121368e-01 -2.202223837375641e-01 -2.595720291137695e-01 7.022421360015869e-01
3.053680248558521e-02 -8.433387428522110e-02 2.020263373851776e-01 6.216931939125061e-01 -2.866985499858856e-01 2.243428826332092e-01
2.808440327644348e-01 -3.835859000682831e-01 -2.826008796691895e-01 -8.348770439624786e-02 -1.287189545109868e-03 1.056469917297363e+00
4.507495090365410e-03 2.870374619960785e-01 -5.138416886329651e-01 4.912745952606201e-01 -2.601254284381866e-01 3.633353412151337e-01
-7.718693930655718e-03 2.811773121356964e-01 -6.916920840740204e-02 -3.111490979790688e-03 -5.238839983940125e-01 2.163845747709274e-01
2.940421998500824e-01 -3.720709383487701e-01 4.960253238677979e-01 4.498420059680939e-01 3.248981237411499e-01 1.011725291609764e-01
-2.103364318609238e-01 5.611094832420349e-01 -6.405403614044189e-01 3.098203539848328e-01 -3.674247562885284e-01 2.049321383237839e-01
-3.162996768951416e-01 -5.704977512359619e-01 -5.118035078048706e-01 -1.541064679622650e-01 -4.697874188423157e-01 1.078666001558304e-01
-1.984056979417801e-01 4.232335090637207e-01 -5.958014130592346e-01 2.990984022617340e-01 -3.794297873973846e-01 -8.182713985443115e-01
3.443844020366669e-01 1.511533707380295e-01 5.681785941123962e-01 -3.651630282402039e-01 -2.564272582530975e-01 -5.656263232231140e-01
-2.544504404067993e-01 4.538276791572571e-01 -4.474550187587738e-01 -6.947777420282364e-02 4.137463867664337e-01 -2.072205543518066e-01
1.001965105533600e-01 -3.490936160087585e-01 2.729671634733677e-02 3.811907172203064e-01 -1.184012532234192e+00 -9.379024803638458e-02
3.498714417219162e-02 -6.577281951904297e-01 8.499588817358017e-02 5.229676365852356e-01 1.568148732185364e-01 -1.599098891019821e-01
2.107258588075638e-01 5.023781061172485e-01 -4.040144383907318e-01 -3.226542770862579e-01 -3.218832254409790e+00 1.904460340738297e-01
-2.466633915901184e-02 -5.544535517692566e-01 2.399026900529861e-01 6.103793904185295e-02 -1.036208391189575e+00 -5.136463046073914e-01
2.852532267570496e-01 1.216638982295990e-01 5.833720564842224e-01 -6.116351857781410e-02 2.015524655580521e-01 -4.231606125831604e-01
-3.393182754516602e-01 1.373581290245056e-01 -4.439204558730125e-02 -7.332553267478943e-01 7.172601222991943e-01 -4.289435744285583e-01
2.606519758701324e-01 -2.463343888521194e-01 4.564203321933746e-01 5.380598902702332e-01 -5.119441151618958e-01 -1.132261678576469e-01
1.287910044193268e-01 -4.264335632324219e-01 3.119204640388489e-01 -5.110456943511963e-01 -1.588088750839233e+00 5.378706455230713e-01
-2.320959419012070e-02 3.528735041618347e-01 -2.997081726789474e-02 -4.071719646453857e-01 5.035603642463684e-01 1.746969372034073e-01
-2.808262109756470e-01 3.249781131744385e-01 1.502442359924316e-01 -6.596271395683289e-01 1.277806460857391e-01 2.920881211757660e-01
4.564687982201576e-02 4.361210167407990e-01 -3.263368308544159e-01 5.566422939300537e-01 2.119629085063934e-01 -2.357084602117538e-01
1.463544070720673e-01 6.377951800823212e-02 3.651362359523773e-01 -9.202039986848831e-02 -2.067024856805801e-01 1.054163336753845e+00
-2.536034584045410e-01 4.068191051483154e-01 -6.338208913803101e-01 7.116038352251053e-02 -1.685303151607513e-01 5.577669143676758e-01
2.230636477470398e-01 5.260866284370422e-01 -1.730045527219772e-01 9.765236973762512e-01 1.562912762165070e-01 2.034673243761063e-01
2.001466602087021e-01 1.483112424612045e-01 3.909437954425812e-01 -4.092002213001251e-01 -6.260595917701721e-01 -8.895190954208374e-01
2.720184624195099e-01 -1.852065324783325e-01 9.394865483045578e-02 1.484137773513794e-01 -1.758830547332764e+00 2.903274595737457e-01
-2.940675318241119e-01 9.071138501167297e-02 -2.135062515735626e-01 -7.178992629051208e-01 -1.969843983650208e+00 6.995579004287720e-01
-3.511388003826141e-01 -1.879464089870453e-01 -7.564570903778076e-01 2.433629706501961e-02 -2.200662940740585e-01 2.054832875728607e-01
3.343163430690765e-01 -6.213425993919373e-01 5.820237398147583e-01 -3.320981934666634e-02 5.937480926513672e-01 -4.411033689975739e-01
-1.365655511617661e-01 2.321929335594177e-01 -5.441280007362366e-01 2.808989882469177e-01 -2.032053321599960e-01 3.107045590877533e-01
-5.094939470291138e-02 -6.199881434440613e-01 -1.520734876394272e-01 1.089920029044151e-01 3.825709521770477e-01 4.483627974987030e-01
-4.037814214825630e-02 -2.113848477602005e-01 -4.928852915763855e-01 -5.377751216292381e-02 -1.170478761196136e-01 1.541595906019211e-01
1.735660731792450e-01 -1.656716614961624e-01 2.615107893943787e-01 5.810105204582214e-01 -7.439623475074768e-01 3.992551565170288e-01
5.761380121111870e-02 -3.184299170970917e-01 5.463633220642805e-03 5.031205415725708e-01 -1.920530915260315e+00 -1.272611618041992e-01
3.431161493062973e-02 1.099435567855835e+00 -3.203592300415039e-01 5.377427339553833e-01 5.316927433013916e-01 -2.999823093414307e-01
-5.855175480246544e-02 7.168642282485962e-01 -3.590785339474678e-02 2.653990685939789e-01 5.130676031112671e-01 -4.658338129520416e-01
1.685199737548828e-01 5.912675261497498e-01 2.257014214992523e-01 -2.184253782033920e-01 4.818987548351288e-01 -7.067325711250305e-01
3.272739946842194e-01 8.125420212745667e-01 1.986071467399597e-01 2.807727158069611e-01 -5.822814106941223e-01 -4.276201128959656e-01
2.549731135368347e-01 2.387502491474152e-01 1.577855944633484e-01 -5.714617371559143e-01 7.215893268585205e-02 1.429728269577026e-01
-1.051587238907814e-01 -6.202775835990906e-01 -2.796077728271484e-01 -2.381777018308640e-01 -1.546968221664429e+00 -5.799813866615295e-01
2.964247018098831e-02 -3.061478734016418e-01 3.472097516059875e-01 -1.347465962171555e-01 1.769646406173706e-01 -1.548352241516113e-01
-1.052375435829163e-01 2.883360087871552e-01 3.030488789081573e-01 -4.026059508323669e-01 6.184813380241394e-01 -3.839310109615326e-01
2.842963933944702e-01 -4.398802518844604e-01 3.886899352073669e-01 1.758877336978912e-01 3.854865729808807e-01 8.366414904594421e-01
-2.249985337257385e-01 -6.495705991983414e-02 -4.942023158073425e-01 9.508199989795685e-03 -2.642317414283752e-01 8.789581060409546e-01
-1.021809130907059e-01 2.850974798202515e-01 -4.193225800991058e-01 -2.328839898109436e-01 -3.640460669994354e-01 -1.972629547119141e+00
2.287393361330032e-01 4.806347191333771e-01 5.333130359649658e-01 -3.933384269475937e-02 -4.724296331405640e-01 3.080494701862335e-01
3.501311838626862e-01 1.394416391849518e-01 1.949561387300491e-01 -4.948239922523499e-01 5.268966555595398e-01 -3.462878763675690e-01
2.896996587514877e-02 -6.309282034635544e-02 -2.132279872894287e-01 -4.782438576221466e-01 -2.822793245315552e+00 -4.939596727490425e-02
-4.177311435341835e-02 7.944635152816772e-01 -2.294317185878754e-01 -6.045517977327108e-03 -4.836158752441406e-01 -7.734337449073792e-02
1.926697343587875e-01 5.469821691513062e-01 -3.097589910030365e-01 -4.934764802455902e-01 -1.183693170547485e+00 -1.192158579826355e+00
-5.218482017517090e-02 -7.829494774341583e-03 2.565580606460571e-01 -9.000466465950012e-01 -1.378674626350403e+00 2.222419381141663e-01
-1.762609183788300e-02 -2.895955443382263e-01 2.967549562454224e-01 -2.522675395011902e-01 1.035367920994759e-01 1.093394011259079e-01
3.826754987239838e-01 1.115401647984982e-02 6.081117987632751e-01 -5.104656219482422e-01 2.036762535572052e-01 2.101455479860306e-01
-2.360672950744629e-01 -8.908600360155106e-02 -3.624912798404694e-01 -1.286323517560959e-01 -5.704398751258850e-01 -4.970929324626923e-01
1.547011733055115e-01 6.969434022903442e-01 -2.019671350717545e-01 -1.851172558963299e-02 2.680232524871826e-01 -2.253815084695816e-01
-2.858314812183380e-01 -3.597804307937622e-01 -3.442712128162384e-01 -1.862358897924423e-01 -5.137646198272705e-02 -4.335379898548126e-01
3.536739349365234e-01 4.216171503067017e-01 5.745890140533447e-01 -2.960362099111080e-02 -1.403699070215225e-01 5.978495478630066e-01
5.227338895201683e-02 -5.814499855041504e-01 1.090585887432098e-01 3.938437402248383e-01 -1.346155881881714e+00 4.917938709259033e-01
-1.018635556101799e-02 4.727508425712585e-01 -2.732821106910706e-01 5.430537462234497e-01 -6.576403975486755e-01 4.961697012186050e-02
-1.725344210863113e-01 -4.992159605026245e-01 -7.762763649225235e-02 4.649497866630554e-01 1.140187978744507e+00 7.389143705368042e-01
-2.360466122627258e-02 3.658550083637238e-01 4.335702061653137e-01 9.042946994304657e-02 -2.039195299148560e-01 5.806887745857239e-01
-1.626759320497513e-01 5.167151689529419e-01 -3.816853463649750e-01 -2.958891689777374e-01 2.443969100713730e-01 4.783199355006218e-02
2.534282505512238e-01 -1.449667215347290e-01 3.859463036060333e-01 -2.897199690341949e-01 -6.596873402595520e-01 -6.971970796585083e-01
3.497719764709473e-01 -3.551086783409119e-01 5.672060251235962e-01 -4.961676001548767e-01 -1.488161087036133e-01 2.599401473999023e-01
-1.541023701429367e-01 -1.261714547872543e-01 9.519695304334164e-03 6.316896080970764e-01 -2.513993263244629e+00 -4.147704541683197e-01
-2.455206364393234e-01 -6.775642633438110e-01 4.862391203641891e-02 3.030826449394226e-01 1.328368484973907e-01 -2.157554626464844e-01
3.447604477405548e-01 -3.190224766731262e-01 -1.255590766668320e-01 5.336657166481018e-01 3.363069891929626e-01 -4.858105257153511e-02
-1.858770251274109e-01 -2.551665008068085e-01 4.563297629356384e-01 5.501906275749207e-01 -1.723063141107559e-01 3.928530812263489e-01
4.927558079361916e-02 6.592442989349365e-01 1.400890350341797e-01 3.475421369075775e-01 1.441985182464123e-02 2.804470993578434e-02
-1.212690919637680e-01 2.059276401996613e-01 3.221275210380554e-01 -7.176022976636887e-02 -2.805856764316559e-01 8.303073048591614e-01
-1.381107270717621e-01 8.170946240425110e-01 -4.922221899032593e-01 5.679623782634735e-02 -3.756084442138672e-01 -6.791949868202209e-01
-8.116094768047333e-02 -6.707663536071777e-01 4.184920489788055e-01 -4.225456118583679e-01 -1.335590839385986e+00 3.468211293220520e-01
-1.891329884529114e-01 -1.813041567802429e-01 -2.586841285228729e-01 -3.728936612606049e-01 1.084589734673500e-01 9.117848873138428e-01
2.107909917831421e-01 -4.904108345508575e-01 -8.444974571466446e-02 4.880835711956024e-01 -1.415513753890991e-01 7.184290885925293e-01
4.131733253598213e-02 8.032020330429077e-01 -1.856986731290817e-01 1.615091413259506e-01 -5.146403908729553e-01 -1.447031944990158e-01
-1.520373970270157e-01 -6.165167316794395e-02 -3.970833122730255e-01 2.716359198093414e-01 -1.551406085491180e-01 4.925540089607239e-01
-1.114976331591606e-01 6.411205530166626e-01 -8.292777836322784e-02 -2.778666913509369e-01 5.913301557302475e-02 2.566762827336788e-02
-1.769582629203796e-01 -4.206617772579193e-01 -4.448949992656708e-01 -4.479426741600037e-01 1.469287276268005e-01 3.185963034629822e-01
5.885124951601028e-02 4.766897857189178e-01 -3.057199530303478e-02 -3.705347478389740e-01 8.592391014099121e-01 -1.938418447971344e-01
9.239690750837326e-02 -3.980517387390137e-01 3.069983720779419e-01 -2.660357654094696e-01 -6.681300401687622e-01 1.604076474905014e-02
2.048119157552719e-01 3.955652415752411e-01 1.624858006834984e-02 -5.878610163927078e-02 6.332102417945862e-01 3.313092887401581e-01
-6.769920140504837e-02 -6.887494325637817e-01 3.689359128475189e-01 -6.686361432075500e-01 1.594409197568893e-01 7.503618001937866e-01
