-6.246337294578552e-01 -1.879832446575165e-01 6.423550844192505e-01
-3.082532882690430e-01 4.285464063286781e-02 6.489242315292358e-01
-8.454806208610535e-01 3.769787847995758e-01 6.381947994232178e-01
-6.920885443687439e-01 -6.694828271865845e-01 -2.489769160747528e-01
-7.093360424041748e-01 3.855820046737790e-03 1.055928543210030e-01
-2.137715071439743e-01 -5.443324446678162e-01 2.232210338115692e-01
-1.224157959222794e-01 -5.011225938796997e-01 3.414308130741119e-01
-7.213143259286880e-02 -4.529750943183899e-01 -1.999908536672592e-01
-3.496902436017990e-02 1.094057202339172e+00 -9.989485144615173e-02
-1.510490179061890e-01 1.496272683143616e-01 7.676307559013367e-01
4.287679493427277e-01 4.757402241230011e-01 6.765784621238708e-01
-8.680890798568726e-01 6.674271225929260e-01 7.078006267547607e-01
-1.615179926156998e-01 -6.573156118392944e-01 2.652009427547455e-01
-2.953619360923767e-01 8.166565299034119e-01 -5.611376762390137e-01
3.129109144210815e-01 -5.862820744514465e-01 3.043199479579926e-01
1.367566734552383e-01 -4.196864962577820e-01 -1.813731342554092e-01
-7.026904225349426e-01 -7.444739937782288e-01 5.679518580436707e-01
-6.313917636871338e-01 -2.276867628097534e-01 -3.633722364902496e-01
5.064994692802429e-01 -4.696213603019714e-01 2.331006526947021e-01
-2.034433782100677e-01 4.523486495018005e-01 -3.357765078544617e-01
-6.293461918830872e-01 -7.537696361541748e-01 -4.452797770500183e-01
-6.046819686889648e-01 8.045039176940918e-01 -4.765585660934448e-01
-1.375987529754639e-01 8.107635974884033e-01 -2.078412771224976e-01
-1.720794737339020e-01 -5.503393411636353e-01 2.637301683425903e-01
1.515856534242630e-01 -1.172216162085533e-01 -9.749995917081833e-02
5.051597356796265e-01 -1.977146714925766e-01 5.694926381111145e-01
4.877256751060486e-01 -6.531893014907837e-01 -3.380350768566132e-01
1.186812147498131e-01 -4.948496222496033e-01 -3.906940221786499e-01
3.844911754131317e-01 3.940770328044891e-01 5.500103831291199e-01
6.299530863761902e-01 2.832746207714081e-01 -3.129303222522140e-04
1.613403111696243e-01 1.066891252994537e-01 -3.276026546955109e-01
-6.169387698173523e-01 1.236589625477791e-01 -1.752261668443680e-01
-7.614495754241943e-01 5.403104424476624e-02 -3.862199783325195e-01
-1.903984993696213e-01 2.548218965530396e-01 -5.009747147560120e-01
-5.128653049468994e-01 6.952948570251465e-01 -5.362919569015503e-01
1.885884553194046e-01 3.970252871513367e-01 -4.737572371959686e-01
7.081248164176941e-01 -4.006381034851074e-01 3.827409148216248e-01
1.700710207223892e-01 -4.994792342185974e-01 -1.328930854797363e-01
4.927396476268768e-01 -1.442887037992477e-01 -3.414846062660217e-01
-6.433250308036804e-01 -3.186487555503845e-01 -2.950619459152222e-01
-1.039852276444435e-01 -1.902844607830048e-01 -3.528878688812256e-01
-7.398144602775574e-01 5.176607966423035e-01 5.553174018859863e-01
1.016297787427902e-01 -5.913156270980835e-01 -4.088777899742126e-01
-1.425158604979515e-02 -6.583228111267090e-01 3.149592280387878e-01
5.099989175796509e-01 -4.497993588447571e-01 2.040322124958038e-01
7.152054458856583e-02 -2.775245010852814e-01 -4.018466472625732e-01
3.043412566184998e-01 -1.700626462697983e-01 -3.118456602096558e-01
7.272810339927673e-01 4.144050180912018e-01 -2.545171417295933e-02
4.306860268115997e-01 -2.479419410228729e-01 2.100901305675507e-02
-6.439762711524963e-01 -1.630561798810959e-01 -3.039316236972809e-01
-3.689952790737152e-01 -3.777829557657242e-02 -9.612477570772171e-02
4.030326902866364e-01 2.909735739231110e-01 -1.913855224847794e-02
2.883158624172211e-01 -1.443500965833664e-01 1.485972553491592e-01
6.367021203041077e-01 -6.404039859771729e-01 1.762876957654953e-01
-6.762654781341553e-01 4.516487121582031e-01 3.070074021816254e-01
-6.978469491004944e-01 4.815685749053955e-01 6.438804268836975e-01
-1.299900114536285e-01 -6.446029990911484e-02 -3.183999061584473e-01
-5.005050897598267e-01 -3.357447087764740e-01 -4.109481871128082e-01
-4.926376342773438e-01 -2.515701949596405e-01 6.152381300926208e-01
1.891667395830154e-02 3.937019705772400e-01 -2.856933474540710e-01
3.815442025661469e-01 -3.790057301521301e-01 2.611022591590881e-01
4.729651808738708e-01 5.144138932228088e-01 6.362283825874329e-01
4.978172183036804e-01 -3.695977628231049e-01 3.340888619422913e-01
4.644283950328827e-01 -5.713893771171570e-01 -7.531341910362244e-02
-5.992587804794312e-01 2.139191515743732e-02 -4.117854535579681e-01
2.032201141119003e-01 -6.415722966194153e-01 -5.522295236587524e-01
1.902711763978004e-02 -2.386686503887177e-01 6.267212033271790e-01
4.448493719100952e-01 4.433111846446991e-01 -5.591973662376404e-01
-6.825497746467590e-01 -3.512895405292511e-01 -1.557708680629730e-01
-5.380101799964905e-01 -2.239075303077698e-01 3.394777700304985e-02
1.873934864997864e-01 1.330650299787521e-01 -3.832929730415344e-01
3.830129504203796e-01 -1.977429538965225e-01 -2.754652798175812e-01
1.138448640704155e-01 6.880785822868347e-01 5.183582901954651e-01
-3.877147734165192e-01 4.021254777908325e-01 7.373610138893127e-01
3.454377949237823e-01 -1.368899196386337e-01 1.542232036590576e-01
-4.545068740844727e-01 -7.919762730598450e-01 -1.705836318433285e-02
-4.583083391189575e-01 8.875842094421387e-01 -5.488674640655518e-01
-5.668262019753456e-02 7.638543248176575e-01 -5.185892581939697e-01
-1.967872977256775e-01 5.532191991806030e-01 -3.630566000938416e-01
4.470848143100739e-01 5.308587551116943e-01 -4.036579430103302e-01
-5.188112258911133e-01 -4.798603653907776e-01 1.818205118179321e-01
-5.436801910400391e-01 7.081681489944458e-01 -4.654312431812286e-01
-8.411498069763184e-01 6.247538924217224e-01 7.116181850433350e-01
-5.076829195022583e-01 -1.079837605357170e-01 -2.517425715923309e-01
-1.550284326076508e-01 5.796335637569427e-02 -4.291015863418579e-01
-3.429999351501465e-01 3.331935107707977e-01 1.042657420039177e-01
-2.149538099765778e-01 5.396373271942139e-01 -9.589303284883499e-02
-4.113402068614960e-01 6.220055744051933e-03 5.687584877014160e-01
7.950236797332764e-01 1.782518327236176e-01 7.805857807397842e-02
-1.052945107221603e-01 -3.203063905239105e-01 -9.003727138042450e-02
-7.969128489494324e-01 7.563988566398621e-01 2.413259446620941e-01
-4.927976131439209e-01 4.745801389217377e-01 8.105812668800354e-01
7.806438803672791e-01 9.666237980127335e-03 2.320704162120819e-01
-3.436163961887360e-01 -7.958085089921951e-02 -2.777050733566284e-01
1.286132782697678e-01 2.151042670011520e-01 -1.723384857177734e-02
6.894398927688599e-01 -7.142962813377380e-01 5.395740270614624e-01
-4.358419477939606e-01 -1.621418148279190e-01 -4.915781021118164e-01
-9.170870482921600e-02 -3.385122716426849e-01 -4.419307038187981e-02
-1.003623101860285e-02 -2.819578945636749e-01 -4.722177982330322e-02
1.494437605142593e-01 3.675423795357347e-03 -1.958987712860107e-01
